Cloudiness,Country,Date,Humidity,Latitude,Lng,Max Temp,Wind Speed,city
0,DZ,1554652800,10,27.87,-0.29,80.6,12.75,adrar
92,NZ,1554653417,94,-39.94,176.59,50.0,12.55,waipawa
0,PL,1554654829,46,51.56,15.54,63.0,5.01,szprotawa
0,AU,1554655024,86,-23.58,149.07,61.13,3.83,bluff
0,CO,1554655024,44,11.71,-72.27,92.18,20.38,uribia
75,GY,1554649200,70,6.8,-58.16,87.8,16.11,georgetown
0,NZ,1554655025,70,-46.19,168.86,27.47,2.82,mataura
75,AU,1554654976,58,-42.88,147.33,53.6,10.29,hobart
20,CO,1554652800,55,10.99,-74.96,89.6,11.41,puerto colombia
40,AR,1554649200,75,-54.81,-68.31,41.0,31.09,ushuaia
0,CL,1554654155,52,-53.16,-70.91,48.0,11.41,punta arenas
92,GL,1554652200,50,65.61,-37.64,33.8,29.97,tasiilaq
90,ET,1554649200,93,8.96,38.73,57.2,16.11,lebu
0,IN,1554655026,74,21.8,87.22,81.38,12.1,jaleswar
88,CN,1554655026,42,40.29,97.04,50.6,17.47,yumen
88,RU,1554655027,88,67.55,63.78,26.66,7.96,komsomolskiy
32,PF,1554655027,100,-23.12,-134.97,77.15,8.3,rikitea
75,BR,1554654803,54,-20.25,-43.81,86.0,6.93,praia
0,ZA,1554654611,72,-34.53,20.04,72.0,8.05,bredasdorp
0,AU,1554654911,51,-33.64,115.35,55.0,11.88,busselton
1,US,1554654469,80,40.48,-106.83,42.8,3.15,steamboat springs
20,PF,1554655028,97,-9.8,-139.03,82.91,16.13,atuona
88,RU,1554655028,95,50.68,156.12,32.51,21.83,severo-kurilsk
40,FR,1554654965,66,43.58,7.11,55.4,4.7,antibes
20,RU,1554655029,74,62.16,117.65,24.77,5.95,suntar
75,CO,1554649200,100,4.71,-75.1,77.0,3.36,santa isabel
20,CA,1554654989,57,45.36,-73.48,51.01,5.82,saint-philippe
8,RU,1554655030,66,53.53,119.45,19.37,3.71,klyuchevskiy
75,US,1554655023,82,39.95,-94.76,66.99,11.41,kodiak
0,MX,1554655031,56,27.97,-114.04,74.63,3.6,guerrero negro
90,CA,1554650460,86,55.1,-105.3,28.4,10.29,la ronge
40,AU,1554654959,100,-28.65,153.62,66.2,4.7,byron bay
0,NZ,1554654806,81,-45.87,170.5,53.01,10.0,dunedin
24,PF,1554655032,98,-16.48,-151.75,85.34,17.81,faanui
75,US,1554654811,50,42.65,-73.75,64.0,5.82,albany
20,ZA,1554654990,89,-33.59,26.89,66.99,5.99,port alfred
0,AR,1554655032,53,-27.8,-64.26,80.57,7.18,santiago del estero
1,US,1554648960,92,60.79,-161.76,24.8,8.05,bethel
0,LY,1554655033,29,31.45,12.98,67.88,11.99,mizdah
48,PG,1554655033,100,-2.57,150.8,78.59,4.5,kavieng
0,AR,1554655034,37,-38.31,-60.23,82.91,10.09,barrow
40,PT,1554652800,55,38.52,-28.7,60.8,23.04,ribeira grande
0,IN,1554655034,81,15.34,74.49,72.65,2.71,vaini
88,GL,1554655034,92,77.48,-69.36,19.28,15.01,qaanaaq
80,TR,1554655035,63,40.67,33.6,47.45,2.26,ayan
75,IE,1554655023,66,54.11,-9.15,57.0,11.41,ballina
75,IN,1554651000,83,25.9,91.88,71.6,5.82,nongpoh
75,CL,1554649200,87,-42.48,-73.76,60.8,10.29,castro
75,BN,1554651000,94,5.28,115.24,80.6,7.74,victoria
64,RU,1554655037,86,63.05,179.32,10.37,25.64,beringovskiy
0,RU,1554655037,52,53.97,121.97,25.13,5.73,yerofey pavlovich
36,RU,1554654783,100,73.51,80.55,11.09,2.93,dikson
75,TR,1554652860,87,39.91,28.16,63.0,9.17,susurluk
88,US,1554654872,84,19.71,-155.08,66.99,5.01,hilo
92,KI,1554655038,100,3.07,172.79,80.57,12.21,butaritari
76,CO,1554655038,89,5.2,-73.14,59.33,2.37,miraflores
0,BR,1554652800,70,-22.97,-42.02,91.4,13.87,arraial do cabo
0,UY,1554655039,61,-34.48,-54.34,73.82,4.38,rocha
75,GB,1554654964,70,57.05,-3.04,48.2,10.29,ballater
75,EC,1554654728,67,-0.39,-78.55,64.4,5.82,san cristobal
88,BR,1554655040,96,-30.17,-50.22,69.68,7.96,cidreira
0,NE,1554655040,16,13.64,4.03,96.86,7.85,dogondoutchi
0,AU,1554654900,81,-33.21,138.6,42.59,2.48,jamestown
48,NZ,1554655041,94,-35.17,173.16,59.15,12.88,ahipara
75,CL,1554649200,87,-41.87,-73.83,60.8,10.29,ancud
0,PE,1554649200,30,-13.71,-76.2,71.6,6.93,pisco
0,RU,1554655041,77,62.67,131.17,22.52,7.18,borogontsy
32,RU,1554654762,66,70.62,147.9,8.39,2.93,chokurdakh
36,ID,1554655042,100,-0.86,131.25,82.01,1.36,sorong
90,US,1554655031,88,30.04,-94.42,77.0,6.93,nome
36,GL,1554655042,82,72.79,-56.15,36.56,17.92,upernavik
75,PY,1554652800,57,-25.34,-57.51,77.0,12.75,san lorenzo
20,UY,1554655044,86,-33.69,-53.46,72.47,4.61,chuy
0,NZ,1554654954,75,-46.28,169.85,43.0,5.99,kaitangata
90,CA,1554654240,85,63.75,-68.52,24.01,16.11,iqaluit
64,CK,1554654832,100,-21.21,-159.78,79.4,15.23,avarua
92,BR,1554655044,94,-6.22,-57.76,76.79,3.15,jacareacanga
92,BR,1554655044,97,-20.63,-46.0,70.13,4.94,ponta do sol
20,CA,1554649200,83,69.44,-133.03,-5.81,8.05,tuktoyaktuk
75,IS,1554652800,55,64.25,-15.21,39.2,10.29,hofn
56,RU,1554655045,74,71.64,128.87,19.64,10.42,tiksi
40,MU,1554654840,74,-20.34,57.76,80.6,12.75,bambous virieux
0,ID,1554655046,94,0.54,123.06,73.28,2.15,gorontalo
90,CA,1554652800,75,49.72,-86.95,32.0,20.8,geraldton
68,ZA,1554655046,51,-30.97,22.13,64.73,14.56,carnarvon
5,MX,1554654943,56,22.89,-109.91,80.01,2.24,cabo san lucas
8,SO,1554655046,39,4.12,43.89,81.74,7.4,xuddur
0,UY,1554654898,51,-33.25,-58.03,75.53,4.27,mercedes
0,LY,1554655047,48,30.75,20.22,68.06,5.39,ajdabiya
92,AU,1554655047,94,-34.72,135.86,64.1,14.45,port lincoln
88,GF,1554655048,93,5.38,-52.96,80.66,11.88,sinnamary
0,IT,1554654963,55,41.89,12.48,61.0,6.93,roma
20,RU,1554654670,32,59.7,30.79,51.8,13.42,nikolskoye
1,US,1554654720,77,22.08,-159.32,69.8,8.05,kapaa
0,AU,1554654654,93,-32.72,152.14,73.99,2.24,nelson bay
75,CA,1554652800,68,63.59,-135.9,24.8,11.41,mayo
20,EC,1554654630,74,-0.74,-90.35,84.2,9.17,puerto ayora
0,ML,1554655050,10,18.44,1.41,84.89,8.63,kidal
0,ZA,1554654791,77,-33.93,18.42,75.0,12.75,cape town
75,ES,1554652800,46,28.5,-13.86,73.4,16.11,puerto del rosario
8,RU,1554655050,75,71.97,114.09,13.16,11.21,saskylakh
1,US,1554654877,93,21.5,-158.02,69.8,4.7,wahiawa
75,GL,1554652200,44,69.22,-51.1,39.2,20.8,ilulissat
0,AU,1554654661,55,-35.36,150.48,70.0,9.17,ulladulla
88,GL,1554652200,91,60.91,-46.05,32.0,3.36,narsaq
20,RU,1554654906,79,66.32,-179.17,3.17,6.73,egvekinot
0,AO,1554655052,100,-15.19,12.15,77.42,8.75,namibe
0,TC,1554655052,96,21.46,-71.14,79.31,16.8,cockburn town
24,EE,1554655052,62,59.1,26.19,45.2,6.85,vao
0,CN,1554655013,88,32.34,118.83,64.99,6.71,xiongzhou
12,TL,1554655053,91,-8.93,125.41,68.51,1.03,airai
76,RU,1554655053,92,65.4,64.7,29.27,4.61,muzhi
0,KZ,1554655053,81,52.35,71.88,32.06,6.62,stepnogorsk
8,RU,1554655053,64,68.54,146.19,3.26,2.71,belaya gora
75,AU,1554654796,58,-42.78,147.06,53.6,10.29,new norfolk
32,AF,1554655054,90,36.86,70.83,29.72,1.7,jurm
0,AR,1554652800,33,-33.01,-68.8,75.2,5.82,russell
44,MZ,1554655054,48,-14.8,36.54,81.2,6.4,cuamba
1,US,1554654651,48,38.88,-99.33,66.0,26.4,hays
20,NO,1554654737,47,67.1,15.4,39.0,18.34,rognan
92,PT,1554655055,98,41.42,-6.55,46.28,7.74,saldanha
80,EE,1554654649,40,57.82,26.93,53.6,10.29,juba
90,EC,1554649200,88,0.08,-76.88,77.0,8.05,nueva loja
75,JP,1554654899,77,33.93,134.5,59.0,12.75,katsuura
0,JP,1554655052,76,35.73,140.83,53.6,14.99,hasaki
0,CL,1554649200,25,-34.41,-70.86,77.0,1.12,rengo
0,AU,1554649200,29,-25.24,130.99,75.2,6.93,yulara
1,CA,1554649200,72,51.26,-80.61,12.2,12.75,moose factory
0,IN,1554655056,64,18.62,84.23,77.96,4.27,tekkali
90,CL,1554649200,87,-29.95,-71.34,59.0,9.17,coquimbo
0,AU,1554654959,93,-28.95,153.24,66.2,3.6,codrington
80,SB,1554655057,100,-8.15,159.59,77.15,3.38,buala
20,EG,1554652800,82,31.35,27.25,64.4,10.29,marsa matruh
0,CN,1554655058,83,29.94,119.31,51.86,2.26,hecun
56,BR,1554655058,81,-1.77,-55.87,84.35,2.37,oriximina
8,IE,1554655025,78,52.15,-6.99,55.0,12.77,dunmore east
24,VU,1554655058,100,-19.55,169.27,77.15,11.54,isangel
0,PK,1554655059,71,25.21,64.64,80.39,13.44,ormara
0,CA,1554655059,44,47.44,-72.79,33.23,4.83,la tuque
32,ZW,1554655059,46,-18.35,26.5,77.87,5.95,hwange
0,ZA,1554654692,76,-34.42,19.24,75.0,5.01,hermanus
40,MU,1554654840,74,-20.41,57.7,80.6,12.75,mahebourg
75,MT,1554654941,82,35.83,14.47,60.01,9.17,zurrieq
80,RU,1554655060,55,54.43,31.9,46.46,8.86,sobolevo
40,TR,1554654000,56,36.92,34.88,68.0,9.17,tarsus
76,CF,1554655061,87,3.52,16.05,74.45,3.71,nola
90,CA,1554652800,100,58.52,-117.13,30.2,3.36,high level
36,ID,1554655061,95,-2.08,101.38,68.06,1.36,sungaipenuh
92,AR,1554655062,64,-46.43,-67.52,56.36,7.96,mar del plata
90,CA,1554649200,92,65.28,-126.83,19.4,2.93,norman wells
90,CA,1554654739,85,62.45,-114.38,24.01,12.75,yellowknife
0,PK,1554655062,54,29.19,72.85,75.26,2.15,fort abbas
90,US,1554654629,75,43.97,-111.68,46.4,18.34,saint anthony
0,BO,1554655063,28,-18.9,-66.78,59.15,4.38,challapata
90,IR,1554654600,93,37.2,50.15,55.4,4.7,langarud
48,CD,1554655063,83,-8.74,25.0,72.65,4.83,kamina
32,RU,1554655063,75,63.9,122.77,16.49,3.15,kysyl-syr
0,RU,1554654785,47,68.75,161.3,-2.14,2.26,cherskiy
0,PY,1554655064,61,-26.98,-56.83,76.52,5.73,san patricio
20,CN,1554655064,53,40.12,124.37,34.31,5.39,dandong
0,CL,1554649200,25,-34.33,-70.9,77.0,1.12,esmeralda
44,RU,1554655065,82,46.45,135.83,20.99,1.81,vostok
0,CZ,1554655024,44,50.58,14.34,64.0,8.05,ustek
0,NC,1554654600,88,-22.28,166.46,64.4,13.22,noumea
75,GR,1554652200,59,39.45,22.34,62.6,12.75,saint george
0,JP,1554654153,62,31.5,131.29,55.0,7.18,kushima
75,BR,1554652800,70,-5.2,-35.46,87.8,16.11,touros
12,RU,1554655066,57,67.65,134.64,5.33,2.82,batagay
5,MX,1554654914,53,20.71,-105.21,77.0,3.36,ixtapa
64,BR,1554655067,81,-27.63,-54.31,73.1,8.19,horizontina
20,FR,1554654934,48,45.6,-0.6,62.01,12.75,souillac
24,ID,1554655067,92,-8.09,111.9,70.49,2.82,boyolangu
8,ZA,1554655067,71,-34.0,24.73,69.32,18.14,kruisfontein
0,RU,1554655068,100,64.42,-173.23,14.69,25.08,provideniya
90,CA,1554654240,93,49.79,-92.84,37.4,5.82,dryden
0,IN,1554655068,94,25.52,90.21,64.37,6.4,tura
75,BR,1554649200,66,-6.97,-34.84,87.8,14.99,cabedelo
40,IS,1554652800,84,63.44,-20.27,42.8,28.86,vestmannaeyjar
75,PT,1554655029,82,37.14,-8.45,63.0,14.99,lagoa
0,PY,1554655069,73,-27.39,-56.84,76.25,10.2,ayolas
1,US,1554655066,48,39.31,-74.98,75.99,6.93,port elizabeth
44,FO,1554654000,52,62.23,-6.59,42.8,13.87,klaksvik
0,OM,1554652200,74,17.01,54.1,82.4,6.93,salalah
44,JP,1554655070,100,35.01,132.22,49.16,2.93,gotsu
88,CA,1554654916,99,50.56,-96.99,42.01,5.17,husavik
0,RU,1554654911,53,54.63,39.74,39.0,3.49,ryazan
75,ES,1554655037,100,42.77,-9.06,55.0,6.93,muros
0,RU,1554654921,75,55.79,84.89,32.0,4.47,talaya
12,ZA,1554655043,68,-26.67,27.93,66.2,2.59,vereeniging
75,EC,1554654924,66,-2.03,-79.75,84.99,3.36,olinda
20,ZA,1554652800,77,-33.02,27.91,69.8,12.75,east london
90,CA,1554654826,76,43.26,-79.87,57.99,13.87,hamilton
0,RU,1554655072,66,68.06,166.44,-1.69,2.93,bilibino
90,AU,1554652800,78,-14.47,132.26,77.0,11.41,katherine
24,RU,1554655073,88,69.7,170.27,-6.55,5.39,pevek
0,UA,1554651000,36,48.05,33.87,60.8,11.18,sofiyivka
56,RU,1554655073,86,55.93,158.7,11.99,1.48,esso
0,BR,1554655073,96,-17.73,-39.27,83.18,13.67,caravelas
0,PH,1554655074,83,17.54,120.52,69.23,2.37,san quintin
0,MR,1554652800,47,20.93,-17.03,75.2,18.34,nouadhibou
5,MX,1554654704,48,15.74,-96.47,88.0,5.82,pochutla
92,BR,1554655074,83,-6.66,-69.87,77.42,3.15,eirunepe
68,GL,1554655074,81,66.94,-53.67,33.68,1.7,sisimiut
92,MN,1554655075,75,48.81,103.53,27.11,4.38,bulgan
24,IN,1554655075,97,30.78,78.62,44.39,2.37,lata
56,RU,1554655075,82,71.98,102.47,14.6,14.79,khatanga
75,CO,1554652800,49,4.69,-73.52,68.0,5.82,gachala
64,PH,1554655076,100,17.08,122.42,73.46,3.04,dicabisagan
36,NI,1554655076,72,14.03,-84.62,80.75,3.04,bonanza
0,KZ,1554651000,68,52.04,76.93,30.2,6.71,aksu
0,SN,1554652800,26,14.69,-16.54,104.0,16.11,gat
90,US,1554654926,93,41.41,-92.92,64.0,4.7,pella
0,ML,1554655077,13,18.9,-3.53,84.89,6.96,araouane
64,RU,1554655077,73,66.42,112.4,23.96,4.38,udachnyy
8,NZ,1554655078,100,-46.13,167.69,43.31,3.38,tuatapere
88,RU,1554655078,93,60.3,54.33,39.89,13.44,gayny
88,ZA,1554655078,99,-30.74,30.45,69.41,4.61,port shepstone
20,BR,1554653891,58,-3.71,-38.6,87.8,14.99,vila velha
0,KZ,1554654880,63,48.68,71.64,38.18,14.23,atasu
40,MU,1554654840,74,-20.01,57.66,80.6,12.75,grand gaube
92,NU,1554652800,94,-19.06,-169.92,77.0,3.36,alofi
20,JP,1554654154,88,26.35,127.87,73.4,4.7,gushikawa
8,AU,1554652800,37,-23.7,133.88,68.0,4.72,alice springs
68,ID,1554655080,87,-5.36,104.98,74.36,2.26,pringsewu
8,MX,1554655080,26,23.82,-100.72,71.75,9.19,cedral
0,AO,1554655080,99,-12.58,13.4,80.39,4.94,benguela
40,AT,1554655060,51,47.92,13.13,60.8,6.93,gezing
40,IT,1554654992,87,37.51,13.08,59.0,13.87,sciacca
20,HN,1554654918,49,15.09,-87.97,91.99,5.82,amapa
0,UA,1554651000,36,47.49,33.53,60.8,11.18,vysokopillya
0,CN,1554655081,47,42.27,118.96,26.93,6.4,chifeng
90,PE,1554649200,61,-13.74,-72.9,50.0,2.48,matara
90,US,1554655037,100,46.87,-96.75,46.4,11.41,moorhead
12,YE,1554655082,68,14.28,44.38,54.83,2.59,aras
20,MG,1554655082,65,-13.19,49.05,82.01,9.19,ambilobe
0,RU,1554655083,80,51.6,82.29,21.8,3.83,kurya
92,SO,1554655083,35,3.81,43.25,88.94,5.28,wajid
20,GY,1554655083,37,3.38,-59.8,96.95,15.68,lethem
40,PT,1554652800,55,33.08,-16.33,68.0,14.99,camacha
0,SA,1554652800,68,18.39,42.45,69.8,10.29,faya
32,RU,1554655084,74,53.07,132.94,14.51,2.15,ekimchan
90,US,1554655026,93,47.77,-116.79,45.0,5.82,hayden
1,US,1554654768,34,33.18,-102.27,75.99,11.41,brownfield
20,TT,1554654653,51,10.24,-61.45,89.01,16.11,esperance
20,CI,1554655085,95,4.42,-7.36,85.25,15.9,tabou
36,PH,1554654701,86,8.0,124.29,79.0,5.01,marawi
0,VU,1554655085,95,-16.11,167.42,77.96,8.41,lakatoro
40,IE,1554655023,71,54.63,-8.45,54.0,17.22,killybegs
92,MV,1554655085,100,-0.6,73.08,85.43,3.6,hithadhoo
20,CN,1554655086,69,29.04,111.68,68.69,7.52,changde
88,MY,1554655086,94,2.02,112.94,74.63,2.15,kapit
90,CH,1554654934,81,46.32,7.99,50.0,8.05,naters
40,ID,1554651000,94,-5.32,119.37,78.8,3.36,galesong
90,FR,1554655074,47,48.74,1.37,60.01,5.82,dreux
8,PA,1554655087,98,9.44,-78.59,81.74,9.53,nargana
75,PH,1554649200,88,7.12,121.91,78.8,2.24,limpapa
92,CA,1554654916,99,50.25,-96.06,42.01,5.61,lac du bonnet
64,NZ,1554654940,100,-43.53,172.64,51.01,2.24,christchurch
90,PW,1554652200,94,7.04,134.26,78.8,4.7,kloulklubed
76,PH,1554655088,100,7.31,122.85,81.02,3.94,olutanga
0,UA,1554651000,28,49.37,35.87,59.0,8.95,chapayeve
75,CA,1554652800,51,55.74,-97.86,14.0,13.87,thompson
40,US,1554654837,87,34.64,-120.46,64.0,7.85,lompoc
36,AR,1554655089,36,-43.3,-65.11,80.66,3.04,rawson
0,JP,1554655090,95,43.19,140.77,27.74,5.28,yoichi
20,IN,1554652800,62,9.51,78.1,87.8,6.93,aruppukkottai
20,ID,1554649200,94,-10.16,123.6,75.2,1.12,kupang
12,UG,1554655090,83,0.72,32.53,72.38,4.38,wobulenzi
8,PH,1554655091,98,6.3,120.58,82.64,12.66,simbahan
44,AU,1554655091,89,-20.74,116.85,75.89,2.82,karratha
20,MA,1554652800,63,35.17,-2.93,66.2,9.17,nador
80,RU,1554655091,80,58.97,126.27,20.45,2.48,tommot
0,IL,1554655071,38,31.8,34.94,75.99,8.05,gizo
0,CN,1554649200,23,40.81,111.65,50.0,13.42,hohhot
90,US,1554654828,100,44.02,-92.46,59.0,9.17,rochester
88,CA,1554655092,100,66.15,-65.72,22.97,2.04,pangnirtung
20,NO,1554652200,66,78.22,15.63,12.2,6.93,longyearbyen
12,CA,1554655093,49,47.65,-67.35,30.89,10.76,kedgwick
92,MV,1554655093,100,2.67,72.89,82.28,5.61,kudahuvadhoo
88,RU,1554655093,94,69.49,88.39,19.55,5.17,talnakh
48,PE,1554655093,92,-10.75,-77.76,69.05,6.96,barranca
0,RU,1554655093,69,63.29,118.35,26.3,6.62,nyurba
90,US,1554654724,92,60.55,-151.26,37.99,4.7,kenai
75,BR,1554649200,100,-10.7,-48.41,73.4,8.3,porto nacional
75,US,1554654930,94,59.64,-151.54,41.0,4.05,homer
32,RU,1554655094,89,63.61,40.52,32.96,3.15,samoded
44,CD,1554655094,86,-10.7,22.23,73.01,2.15,luau
0,AR,1554654962,30,-40.81,-62.99,87.14,4.38,viedma
0,RU,1554655095,78,57.79,82.64,26.21,4.61,podgornoye
8,PH,1554655095,91,13.56,123.27,75.44,7.18,pili
12,ZA,1554655095,94,-28.77,32.06,67.61,3.15,richards bay
12,CA,1554655096,97,51.77,-104.18,45.38,8.08,wynyard
12,CA,1554655096,100,51.23,-101.35,45.92,7.96,roblin
75,JP,1554654985,76,36.58,137.08,52.0,3.36,yamada
0,JP,1554655052,77,35.74,139.53,62.01,10.29,nishihara
40,PA,1554654599,55,8.55,-82.65,89.6,4.7,sortova
20,MA,1554652800,35,31.63,-7.99,69.8,3.36,marrakesh
75,CO,1554649200,66,8.85,-76.43,89.6,12.66,arboletes
20,MA,1554654720,59,33.6,-7.62,69.8,13.87,casablanca
20,IN,1554651000,83,17.65,83.27,82.4,5.82,yarada
0,CN,1554649200,24,36.55,104.13,57.2,4.47,baiyin
90,US,1554654874,88,35.58,-78.8,69.8,3.36,fuquay-varina
44,MG,1554655098,100,-14.9,50.28,77.06,6.96,antalaha
20,PT,1554655084,62,37.72,-25.43,59.0,18.34,vila franca do campo
0,IN,1554655099,89,27.5,88.54,28.01,1.7,mangan
20,CN,1554655099,54,40.09,113.3,36.11,3.15,datong
32,CN,1554655099,42,34.57,105.89,57.71,5.84,beidao
24,PH,1554655100,99,12.45,125.29,80.21,9.98,anito
75,BB,1554651720,83,13.22,-59.52,77.0,12.75,bathsheba
44,RU,1554655100,84,65.85,74.49,24.05,10.98,pangody
8,GL,1554655100,91,61.99,-49.67,33.77,12.77,paamiut
0,RU,1554655100,69,57.8,158.67,14.96,7.18,tigil
24,UG,1554655101,89,-0.87,30.27,67.16,2.71,ntungamo
0,IN,1554655101,100,11.67,92.75,84.71,4.38,port blair
0,AR,1554655101,28,-31.67,-68.39,84.26,5.5,nueve de julio
88,NG,1554655101,48,8.5,8.51,90.65,4.72,lafia
20,HN,1554652800,49,14.95,-88.23,89.6,5.82,gualjoco
0,DE,1554655074,37,51.44,6.27,69.01,6.93,straelen
56,TR,1554655102,91,36.37,30.29,46.46,1.48,kumluca
68,RU,1554655102,64,49.99,88.66,14.42,5.28,kosh-agach
0,IN,1554655102,99,10.57,72.64,85.43,10.2,kavaratti
12,AU,1554655035,55,-34.58,150.85,70.0,9.17,flinders
24,IN,1554655103,64,28.29,80.34,75.08,5.61,mailani
8,RU,1554655103,70,50.52,115.13,16.85,3.04,nizhniy tsasuchey
68,CO,1554655103,64,3.87,-67.92,87.77,2.59,inirida
20,KR,1554654600,29,37.57,126.98,55.4,1.12,seoul
0,NA,1554655104,82,-26.65,15.16,61.13,13.44,luderitz
8,CO,1554654825,82,5.59,-73.79,64.01,1.14,cordoba
0,VN,1554655104,92,15.12,108.8,67.88,2.26,quang ngai
75,RU,1554652800,81,48.69,45.2,51.8,11.18,leninsk
56,RU,1554651000,52,53.14,59.15,42.8,8.95,svetlogorsk
0,MX,1554655105,17,21.01,-102.61,77.51,7.52,valle de guadalupe
1,US,1554655003,63,64.86,-147.8,30.99,4.7,college
32,ID,1554655105,100,-5.67,132.75,83.81,5.73,tual
75,GP,1554651000,78,16.02,-61.75,78.8,13.87,baillif
36,CA,1554655106,54,54.23,-125.76,41.78,5.61,burns lake
75,CA,1554652800,86,51.56,-101.9,41.0,12.75,kamsack
20,CN,1554655106,58,42.18,127.48,28.73,5.17,songjianghe
12,ID,1554655107,99,-0.91,122.88,78.59,1.59,biak
0,KZ,1554655107,67,46.84,74.98,37.19,9.53,balkhash
75,EC,1554654924,64,-2.43,-79.18,84.99,9.17,papayal
1,US,1554654736,59,40.92,-98.34,64.0,21.92,grand island
92,CA,1554654620,64,43.74,-81.71,59.0,7.0,goderich
0,IL,1554654846,61,31.42,34.59,75.99,2.71,netivot
75,IE,1554655092,66,53.8,-9.52,57.99,11.41,westport
92,RU,1554655108,84,45.43,43.44,52.85,6.73,letnyaya stavka
90,NO,1554654000,86,71.03,27.85,30.2,13.87,mehamn
75,US,1554654911,69,26.05,-80.14,86.0,18.34,dania beach
48,BR,1554655109,95,-2.92,-39.92,81.74,7.63,itarema
44,RU,1554655109,89,67.46,153.71,5.96,2.71,srednekolymsk
1,US,1554655102,58,41.38,-71.64,64.0,10.29,charlestown
92,RU,1554655110,91,65.8,87.96,24.77,18.25,turukhansk
56,RU,1554655110,71,43.22,133.23,18.29,1.92,uglekamensk
0,CV,1554655110,91,14.9,-24.5,72.92,15.57,sao filipe
40,HR,1554654600,77,42.65,18.09,62.6,8.05,dubrovnik
0,US,1554654619,36,37.17,-99.65,70.0,21.0,sitka
90,US,1554654660,75,55.34,-131.65,46.4,9.17,ketchikan
36,BR,1554655111,84,-15.89,-52.26,85.25,3.38,barra do garcas
75,US,1554654804,53,40.83,-115.76,54.0,5.82,elko
0,RU,1554655111,79,52.0,127.67,21.53,3.38,shimanovsk
40,BR,1554652800,41,2.82,-60.67,91.4,12.75,boa vista
48,PE,1554654924,92,-10.68,-77.82,69.05,6.96,paramonga
0,CN,1554655113,50,43.31,124.32,32.96,10.2,lishu
40,MU,1554654840,74,-20.21,57.76,80.6,12.75,quatre cocos
8,GL,1554652200,94,60.72,-46.03,32.0,3.36,qaqortoq
36,ID,1554655072,100,1.74,98.78,69.41,1.36,sibolga
44,RU,1554655113,82,64.9,45.76,29.27,3.15,leshukonskoye
90,CA,1554654300,86,58.81,-122.69,30.2,2.24,fort nelson
20,CA,1554652800,37,49.0,-64.4,33.8,17.22,riviere-au-renard
20,NO,1554654904,70,58.61,5.65,48.2,5.82,varhaug
68,PG,1554655114,100,-2.67,141.3,81.38,8.41,vanimo
92,BR,1554655115,87,-9.87,-56.08,78.41,2.04,alta floresta
80,GN,1554655115,26,11.59,-11.89,90.56,7.85,koubia
0,RU,1554655115,60,52.53,111.54,10.01,3.49,sosnovo-ozerskoye
12,NZ,1554654605,99,-39.04,177.43,48.99,1.99,wairoa
44,ID,1554655116,93,-9.65,120.26,74.99,6.73,waingapu
20,LK,1554655116,96,7.42,81.82,76.25,3.15,kalmunai
0,TD,1554655116,25,9.45,18.94,91.19,5.73,kyabe
0,NA,1554652927,83,-22.12,14.28,62.01,7.0,henties bay
56,BW,1554655117,63,-21.53,21.93,70.67,2.48,dekar
76,BR,1554655117,88,-8.9,-35.15,81.29,9.64,sao jose da coroa grande
75,CA,1554649200,69,54.78,-127.17,37.4,5.82,smithers
0,MG,1554655117,71,-22.4,46.13,69.95,7.18,ihosy
90,CA,1554655110,71,47.66,-52.73,36.0,18.34,torbay
12,AU,1554652800,94,-20.31,118.58,80.6,2.71,port hedland
40,GB,1554655027,67,53.39,-2.59,60.01,9.17,warrington
0,SD,1554655118,31,12.35,29.25,76.79,4.72,abu zabad
75,MX,1554654615,24,23.99,-104.67,59.0,5.95,constitucion
48,CO,1554649200,55,6.19,-67.49,89.6,8.05,puerto carreno
0,RU,1554655119,90,65.58,-170.99,12.35,37.16,lavrentiya
8,CL,1554655119,91,-22.09,-70.2,68.96,7.29,tocopilla
0,NZ,1554655119,71,-45.41,167.72,24.77,3.94,te anau
12,AU,1554654291,55,-34.55,150.37,70.0,9.17,moss vale
90,IT,1554655088,83,45.88,10.89,60.01,5.82,nago
0,LY,1554655120,26,31.86,10.98,64.19,12.77,nalut
44,NG,1554655120,67,4.92,6.26,84.62,8.52,yenagoa
20,TH,1554649200,83,6.87,101.37,82.4,4.7,yaring
40,CA,1554655113,32,50.03,-66.88,28.0,21.92,port-cartier
68,ID,1554655121,99,-8.49,140.4,79.04,3.15,merauke
20,IN,1554654819,79,12.63,80.17,86.0,11.41,mamallapuram
90,US,1554654803,87,39.15,-123.21,59.0,6.93,ukiah
80,PG,1554655122,100,-3.66,152.44,77.96,6.4,namatanai
0,NZ,1554655085,92,-35.62,174.5,48.0,13.44,ngunguru
76,ID,1554655122,98,-2.97,119.9,70.58,1.59,rantepao
0,JP,1554655122,77,43.11,144.15,19.55,2.71,kushiro
75,CA,1554654688,77,60.72,-135.06,32.0,9.17,whitehorse
44,IN,1554655123,85,26.31,86.57,68.33,12.44,nirmali
36,NC,1554655123,100,-20.95,164.69,74.99,13.0,voh
0,RU,1554655123,81,60.06,69.92,33.41,7.74,gornopravdinsk
75,BR,1554649200,66,-2.88,-41.67,87.8,13.87,luis correia
0,AU,1554654911,51,-33.36,116.15,55.0,8.08,collie
20,IT,1554655111,77,37.92,15.77,59.0,10.29,melito di porto salvo
75,NO,1554654907,92,70.24,22.35,30.2,10.29,oksfjord
75,US,1554655113,93,37.61,-122.49,64.99,8.05,pacifica
75,US,1554655020,81,40.68,-122.36,61.0,10.29,shasta lake
80,RU,1554655125,89,67.47,86.57,26.3,22.73,igarka
48,JP,1554654911,60,34.7,138.93,57.0,17.13,shimoda
0,RU,1554654921,79,56.73,85.44,33.01,4.47,oktyabrskoye
40,US,1554655118,48,39.62,-77.74,71.01,16.11,vardo
12,GL,1554655126,96,60.14,-45.24,32.96,4.16,nanortalik
80,IR,1554655126,96,36.2,46.09,39.98,2.15,mitu
80,BR,1554654648,65,-18.42,-46.42,79.0,8.19,presidente olegario
20,BR,1554652800,63,-22.45,-43.47,96.8,9.17,miguel pereira
68,GH,1554655126,93,4.89,-1.75,83.54,12.1,takoradi
90,US,1554654781,93,46.54,-87.4,45.0,4.7,marquette
1,CA,1554652800,44,49.78,-74.86,21.2,10.29,chapais
12,GB,1554654843,76,51.8,-4.97,59.0,6.93,haverfordwest
48,ZA,1554655127,77,-33.3,23.49,59.78,2.37,willowmore
44,BR,1554655127,76,-14.8,-57.29,80.03,6.4,nova olimpia
56,BW,1554655128,77,-23.67,22.79,65.45,7.29,kang
64,BO,1554655128,84,-16.34,-67.55,59.6,2.26,rio blanco
24,RU,1554655128,64,56.57,36.46,38.81,7.07,mirnyy
80,GH,1554655128,58,11.06,-0.24,85.25,3.71,bawku
40,CA,1554652800,84,68.22,-135.01,8.6,4.7,aklavik
40,PT,1554654605,55,38.73,-27.07,61.0,24.07,praia da vitoria
20,ID,1554649200,88,-0.92,100.36,78.8,2.24,padang
75,CA,1554652800,93,50.7,-127.42,41.0,6.93,port hardy
64,RU,1554655130,75,50.3,103.31,17.03,2.71,kholtoson
20,PF,1554654600,83,-17.73,-149.15,78.8,3.36,tautira
0,GE,1554652800,55,41.96,42.96,64.4,8.05,khani
20,ID,1554651000,94,-1.24,116.86,78.8,5.82,balikpapan
0,RU,1554652800,65,54.22,55.03,44.6,4.47,davlekanovo
75,IT,1554655118,76,45.46,8.01,54.0,4.7,bose
68,TM,1554655131,72,39.51,54.36,59.87,2.93,balkanabat
20,BR,1554649200,49,-21.64,-41.05,91.4,9.17,sao joao da barra
90,US,1554654834,88,37.17,-95.11,70.0,9.17,oswego
0,MX,1554655131,21,20.34,-101.98,78.23,3.6,acuitzio
12,RU,1554655132,75,56.26,62.94,31.61,2.93,dalmatovo
92,GL,1554655132,97,65.42,-52.9,32.51,8.19,maniitsoq
0,MN,1554655132,58,46.68,113.28,10.73,2.93,baruun-urt
0,YE,1554654910,96,12.79,45.03,81.11,17.13,aden
24,RU,1554655133,66,51.16,55.0,45.83,9.98,sol-iletsk
80,BR,1554655133,74,-11.81,-37.61,85.61,9.19,conde
44,MG,1554655133,83,-14.88,47.99,77.87,3.71,antsohihy
92,BR,1554655133,65,-9.67,-35.74,85.07,12.77,maceio
64,NG,1554655134,77,9.67,8.4,74.99,2.71,matagami
8,BR,1554655134,100,-3.28,-39.27,82.73,14.23,trairi
90,CA,1554653400,82,54.13,-108.44,32.0,5.82,meadow lake
48,CO,1554649200,55,5.66,-67.63,89.6,8.05,puerto ayacucho
80,RU,1554655134,80,58.84,125.49,20.63,2.59,nizhniy kuranakh
20,RU,1554655135,64,61.02,35.48,29.63,6.73,voznesenye
68,PH,1554655135,93,13.72,123.58,77.15,6.96,sabang
0,SO,1554655135,43,8.41,48.48,78.77,11.21,garowe
92,BR,1554655135,94,-1.2,-46.02,80.21,3.83,carutapera
80,BD,1554655136,98,24.17,91.81,66.71,4.83,kamalpur
0,VE,1554654942,37,8.92,-67.43,96.41,15.57,calabozo
20,LK,1554649800,83,6.12,81.12,84.2,2.24,hambantota
8,PE,1554655136,68,-11.1,-77.61,77.69,5.17,hualmay
0,ML,1554655137,15,20.2,1.01,79.85,7.18,tessalit
75,IT,1554655118,71,45.18,8.4,54.0,8.05,vila
92,GF,1554655137,70,5.48,-53.21,81.47,6.62,iracoubo
75,IS,1554652800,60,63.84,-22.43,44.6,9.17,grindavik
0,SO,1554655138,100,9.49,50.81,80.39,7.63,bandarbeyla
0,CN,1554655138,82,34.46,113.03,58.16,5.73,dengfeng
80,RU,1554655138,79,66.83,70.83,23.6,11.77,yar-sale
5,MX,1554651600,49,27.52,-110.01,71.6,8.05,laguna
20,NO,1554654701,70,58.45,6.0,48.99,5.82,egersund
0,RU,1554653887,45,55.75,38.0,48.0,6.71,zheleznodorozhnyy
0,AU,1554654661,86,-35.71,150.18,60.01,1.92,batemans bay
0,PK,1554655139,23,28.9,64.41,68.42,8.63,dalbandin
0,AR,1554655139,49,-38.55,-58.74,80.75,6.4,necochea
40,AU,1554655030,68,-34.85,139.16,66.2,12.75,palmer
75,IR,1554652800,19,30.29,57.06,69.8,9.17,kerman
40,CO,1554652800,73,4.91,-75.23,77.0,4.7,rosarito
20,RU,1554655140,75,58.6,99.18,29.36,6.62,kodinsk
44,MA,1554655141,74,29.7,-9.73,62.39,11.43,tiznit
88,RU,1554655141,94,56.76,48.47,33.41,10.98,sovetskiy
0,EG,1554652800,26,27.18,31.19,78.8,14.99,asyut
76,PH,1554655141,97,11.0,122.67,76.16,9.75,dingle
88,RU,1554655142,87,65.99,60.32,31.07,2.71,verkhnyaya inta
80,JP,1554655142,100,33.72,135.99,59.51,6.4,shingu
80,ID,1554655142,98,-6.9,112.33,73.37,3.71,paciran
0,RU,1554655143,82,55.24,43.1,32.42,4.61,ardatov
0,PH,1554655143,83,17.32,120.7,69.23,2.37,luba
0,RU,1554655143,65,53.74,127.27,25.58,5.06,zeya
64,KH,1554655143,95,13.5,106.97,73.28,2.37,lumphat
75,FR,1554655074,51,49.65,0.71,60.01,5.82,veraval
5,MX,1554654556,44,27.96,-110.81,80.01,5.5,empalme
20,ES,1554655106,51,38.18,-1.13,69.8,20.8,fortuna
36,JP,1554654797,57,37.52,140.86,44.01,4.0,namie
40,GD,1554649200,69,12.16,-61.73,82.4,20.8,gouyave
0,NE,1554655145,17,18.74,7.39,85.61,7.18,arlit
0,SO,1554655145,100,7.98,49.82,78.68,5.5,eyl
0,IL,1554655138,62,31.31,34.62,75.99,2.71,ofaqim
90,US,1554655143,93,29.74,-97.91,64.0,6.93,galle
0,RU,1554655146,75,53.57,46.95,27.56,3.15,zhadovka
1,US,1554654705,77,20.89,-156.47,69.01,4.7,kahului
20,KM,1554652800,74,-11.38,43.28,86.0,2.24,mitsamiouli
0,IN,1554655146,82,9.24,77.41,74.81,1.92,vasudevanallur
12,RU,1554655147,82,59.58,151.3,27.56,17.81,ola
92,NE,1554655147,19,13.98,10.27,99.2,6.62,goure
0,CD,1554655147,86,-6.14,24.49,74.99,4.16,kabinda
90,CA,1554653820,87,54.32,-130.32,42.8,14.99,prince rupert
56,IN,1554655148,74,32.56,76.12,46.91,3.27,chamba
56,MN,1554655148,65,50.23,106.21,22.61,2.71,suhbaatar
75,NO,1554654904,56,62.58,6.12,44.6,27.51,roald
75,US,1554654991,88,35.87,-83.56,70.0,3.36,sevierville
1,US,1554654937,54,30.33,-81.66,87.8,6.93,jacksonville
40,BR,1554652800,66,-10.76,-37.31,86.0,12.75,areia branca
88,ID,1554655149,95,-3.36,135.5,67.52,1.7,nabire
40,ID,1554655130,78,-6.28,106.88,81.0,4.7,makasar
24,MN,1554655150,80,49.98,92.07,18.11,2.37,ulaangom
0,NA,1554652927,59,-22.95,14.51,66.2,8.05,walvis bay
0,JP,1554655150,95,43.32,145.57,33.95,15.23,nemuro
0,CN,1554655150,59,40.29,123.27,29.99,5.28,xiuyan
0,JP,1554654153,62,31.42,130.32,55.0,13.56,kaseda
75,CA,1554652800,77,55.21,-119.43,39.2,3.36,beaverlodge
8,PE,1554655151,56,-10.07,-78.15,78.68,3.71,huarmey
92,PG,1554655151,100,-2.02,147.27,79.67,5.73,lorengau
80,BR,1554655151,71,-8.84,-69.26,78.23,3.6,manoel urbano
0,FI,1554652200,34,63.56,27.19,50.0,4.7,iisalmi
88,MV,1554655152,100,3.78,72.97,85.61,4.94,mahibadhoo
20,HR,1554655143,76,45.33,14.44,57.2,3.36,rijeka
75,RU,1554652800,100,46.56,43.66,50.0,6.71,remontnoye
40,NG,1554649200,55,5.43,7.07,91.4,8.05,naze
0,DE,1554655106,37,53.59,7.21,68.0,12.75,norden
44,RU,1554655153,84,53.13,132.9,18.83,2.93,tokur
